>> [i1,i2]=max(x)

i1 =

    2.7810


i2 =

    19

>> nam

nam =

Andaman and Nicobar

>> nam{19}
Cell contents reference from a non-cell array object.
 
>> nn{19}

ans =

Lakshadweep

>> nrp(17:21,:)
Undefined variable nrp.
 
>> prn(17:21,:)

ans =

    0.0005    0.0000    0.0005    0.0000    0.0022    0.0019    0.0001    0.0002    0.0046
    0.0312    0.0000    0.0309    0.0002    0.2327    0.1981    0.0729    0.0572    0.5986
    0.2189         0    0.2179    0.0010    1.0914    1.0738    0.3022    0.1333    2.7810
    0.0000    0.0000    0.0000    0.0000    0.0008    0.0008    0.0001    0.0001    0.0020
    0.0001    0.0000    0.0001    0.0000    0.0006    0.0005    0.0000    0.0000    0.0012

>> pr(17:21,10)

ans =

    35330888
      307204
       72210
    82342793
   120837347

>> iii=[1:36];
>> iii=sediff(iii,19)
Undefined function or variable 'sediff'.
 
Did you mean:
>> iii=setdiff(iii,19)

iii =

  Columns 1 through 19

     1     2     3     4     5     6     7     8     9    10    11    12    13    14    15    16    17    18    20

  Columns 20 through 35

    21    22    23    24    25    26    27    28    29    30    31    32    33    34    35    36

>> prn=prn(iii,:);
>> x=prn(9);
>> y=prn(4);
>> corr(prn)

ans =

    1.0000    0.8628    1.0000    0.9126    0.7712    0.7511    0.5237    0.8327    0.7494
    0.8628    1.0000    0.8619    0.8828    0.7157    0.6967    0.5427    0.8965    0.7121
    1.0000    0.8619    1.0000    0.9111    0.7708    0.7506    0.5232    0.8324    0.7490
    0.9126    0.8828    0.9111    1.0000    0.7429    0.7364    0.5337    0.7883    0.7294
    0.7712    0.7157    0.7708    0.7429    1.0000    0.9953    0.8305    0.8593    0.9883
    0.7511    0.6967    0.7506    0.7364    0.9953    1.0000    0.8745    0.8629    0.9967
    0.5237    0.5427    0.5232    0.5337    0.8305    0.8745    1.0000    0.8143    0.9033
    0.8327    0.8965    0.8324    0.7883    0.8593    0.8629    0.8143    1.0000    0.8904
    0.7494    0.7121    0.7490    0.7294    0.9883    0.9967    0.9033    0.8904    1.0000

>> plot(y, x, 'ko');
>> size(prn)

ans =

    35     9

>> x=prn(:,9);
>> y=prn(:,4);
>> plot(y, x, 'ko');
>> corr(x,y)

ans =

    0.7294

>> a=corr(x,y)*std(y/std(x)
 a=corr(x,y)*std(y/std(x)
                         |
Error: Expression or statement is incorrect--possibly unbalanced (, {, or [.
 
Did you mean:
>> a=corr(x,y)*std(y)/std(x))
 a=corr(x,y)*std(y)/std(x))
                          |
Error: Unbalanced or unexpected parenthesis or bracket.
 
>> a=corr(x,y)*std(y)/std(x)

a =

   2.6665e-04

>> prn=prn*1000;
>> a=corr(x,y)*std(y)/std(x)

a =

   2.6665e-04

>> x=prn(:,9);
>> y=prn(:,4);
>> a=corr(x,y)*std(y)/std(x)

a =

   2.6665e-04

>> prn(:,9)

ans =

  545.5795
    3.9532
   81.8499
    4.2037
    1.1015
  163.3269
    6.0226
  365.2539
   10.5694
  120.6928
    3.1290
    6.0601
   28.5400
   12.5385
    3.1353
    2.7622
    4.6046
  598.6196
    1.9703
    1.2168
   36.0823
   24.4176
  123.1333
   36.2517
    3.9463
  116.3306
    5.3566
    1.8844
  301.5117
    2.1787
    5.2158
   35.9302
    0.7452
   16.3025
    1.6341

>> prn(:,4)

ans =

    0.0710
    0.0005
    0.0127
    0.0007
    0.0001
    0.0845
    0.0017
    0.0009
    0.0075
    0.1686
    0.0003
    0.0014
    0.0079
    0.0024
    0.0004
    0.0009
    0.0057
    0.2448
    0.0002
    0.0010
    0.0237
    0.0151
    0.0499
    0.0163
    0.0004
    0.1011
    0.0022
    0.0002
    0.1106
    0.0007
    0.0003
    0.0057
    0.0000
    0.0063
    0.0002

>> y=prn(:,1);
>> a=corr(x,y)*std(y)/std(x)

a =

    0.0315

>> corr(x,y)

ans =

    0.7494

>> b=mean(y)-a*mean(x)

b =

    0.5344

>> yc=a*x+b;
>> error1=100*(y-yc)./yc

error1 =

  -66.6366
  -87.3060
   -7.9966
  -90.6457
  -98.9516
   25.1837
  -80.0685
  -77.7241
  -34.5387
  151.0256
  -95.0577
  -80.5778
  -59.2573
  -73.8534
  -94.9835
  -85.0315
  -19.4861
   60.7148
  -97.3914
  -90.2698
   -7.4881
  -30.8327
  272.3071
  -55.2118
  -90.1679
  113.9571
  -87.2801
  -96.3797
   -2.0939
  -89.8093
  -91.8644
  -60.6231
  -99.2723
  -65.1346
  -96.2109

>> error2=100*(y-yc)./y

error2 =

   1.0e+04 *

   -0.0200
   -0.0688
   -0.0009
   -0.0969
   -0.9439
    0.0020
   -0.0402
   -0.0349
   -0.0053
    0.0060
   -0.1923
   -0.0415
   -0.0145
   -0.0282
   -0.1893
   -0.0568
   -0.0024
    0.0038
   -0.3733
   -0.0928
   -0.0008
   -0.0045
    0.0073
   -0.0123
   -0.0917
    0.0053
   -0.0686
   -0.2662
   -0.0002
   -0.0881
   -0.1129
   -0.0154
   -1.3641
   -0.0187
   -0.2539

>> format short
>> error2=100*(y-yc)./y

error2 =

   1.0e+04 *

   -0.0200
   -0.0688
   -0.0009
   -0.0969
   -0.9439
    0.0020
   -0.0402
   -0.0349
   -0.0053
    0.0060
   -0.1923
   -0.0415
   -0.0145
   -0.0282
   -0.1893
   -0.0568
   -0.0024
    0.0038
   -0.3733
   -0.0928
   -0.0008
   -0.0045
    0.0073
   -0.0123
   -0.0917
    0.0053
   -0.0686
   -0.2662
   -0.0002
   -0.0881
   -0.1129
   -0.0154
   -1.3641
   -0.0187
   -0.2539

>> format bank
>> error2=100*(y-yc)./y

error2 =

       -199.73
       -687.78
         -8.69
       -969.03
      -9438.56
         20.12
       -401.72
       -348.92
        -52.76
         60.16
      -1923.35
       -414.87
       -145.44
       -282.46
      -1893.43
       -568.07
        -24.20
         37.78
      -3733.41
       -927.73
         -8.09
        -44.58
         73.14
       -123.27
       -917.08
         53.26
       -686.17
      -2662.22
         -2.14
       -881.29
      -1129.16
       -153.96
     -13641.24
       -186.82
      -2539.16

>> deter=corr(x,y)^2

deter =

          0.56

>> X=prn(:,[5 6 7 8])

